30
40
31
59
40
6
129
133
30
40
40
31
103
59
50
94
69
135
24
29
29
92
92
92
29
76
101
99
73
41
90
90
99
33
12
15
74
30
101
76
73
90
7
92
90
90
90
7
33
12
15
74
7
69
92
70
134
135
29
29
29
90
7
92
90
24
41
30
24
44
40
45
24
45
44
140
121
120
121
45
44
65
44
40
45
46
101
98
45
45
45
132
131
45
44
45
44
5
124
46
101
98
45
115
12
13
93
13
93
115
12
106
77
80
17
47
6
80
17
55
55
36
131
84
48
40
33
33
33
141
90
130
134
33
106
77
59
30
10
40
33
33
65
72
96
69
15
50
92
72
96
59
30
141
90
134
82
80
105
54
41
6
30
43
88
19
48
19
104
16
105
108
47
91
41
80
126
9
48
57
58
30
88
19
48
19
6
102
59
57
41
37
54
56
115
108
95
59
6
102
57
56
30
26
57
115
108
95
56
104
16
105
108
56
26
105
30
57
65
8
8
75
30
117
65
26
55
53
7
93
48
57
29
7
55
53
18
58
6
48
109
18
94
102
18
58
6
57
26
44
95
94
74
41
93
29
44
83
73
38
39
14
14
14
14
31
8
8
47
91
41
80
94
96
106
93
123
53
122
126
107
68
36
67
109
18
94
102
15
108
19
109
85
17
17
116
22
91
19
17
37
69
55
19
91
22
85
17
116
37
69
106
93
7
6
22
55
123
53
122
126
135
6
135
109
18
94
102
108
19
109
94
7
48
141
37
134
101
117
104
58
18
20
22
64
136
92
103
48
37
6
35
136
48
37
6
92
103
6
136
136
134
64
35
101
104
92
92
134
67
101
104
107
57
141
141
36
57
64
6
35
68
93
103
22
3
117
117
93
103
101
117
104
58
18
48
141
37
134
76
76
73
108
63
84
39
76
39
99
81
74
117
111
39
76
39
99
39
81
74
117
111
39
20
39
99
21
39
99
73
108
63
84
64
35
7
128
142
94
132
133
132
131
37
69
135
55
7
125
7
125
73
108
63
84
94
9
132
133
1
21
94
122
126
53
122
22
21
9
132
133
1
121
121
73
108
63
84
122
126
53
122
132
133
132
131
37
69
135
55
7
128
142
94
77
91
84
71
10
17
50
22
25
81
111
15
19
10
15
19
10
50
117
117
138
3
74
50
92
77
35
86
74
50
21
21
23
25
138
3
35
26
25
91
19
10
2
23
24
25
23
20
15
64
109
20
28
19
10
22
81
111
91
28
86
3
3
25
20
24
20
89
52
63
2
14
14
20
28
29
27
2
26
115
24
20
29
26
2
26
8
15
19
10
29
27
2
26
8
24
23
52
63
86
89
20
28
2
3
27
20
63
137
76
12
12
11
126
98
35
64
84
84
9
38
12
126
98
63
137
76
9
84
84
38
126
63
137
76
25
21
23
25
126
88
61
60
98
63
137
76
98
25
21
23
25
23
20
12
67
77
77
131
9
109
106
117
5
81
28
48
103
18
73
9
63
84
28
48
103
18
9
109
106
117
77
106
67
71
11
88
61
60
28
48
103
18
35
64
77
106
67
71
9
63
84
106
71
5
81
131
28
48
103
18
67
106
71
26
98
71
76
68
98
33
114
33
23
25
21
23
98
76
68
29
74
98
33
114
28
71
98
17
2
27
2
3
20
2
89
27
28
26
27
27
98
2
27
96
87
89
2
2
26
47
47
90
90
141
134
136
18
103
126
124
77
121
124
130
141
134
136
141
141
42
30
43
77
142
126
124
77
121
124
141
141
142
23
25
21
5
30
43
23
124
141
141
5
42
124
124
77
130
90
103
18
90
96
87
130
136
136
124
130
141
141
35
54
94
135
114
63
35
54
12
36
41
35
86
64
64
77
77
135
114
63
135
15
126
121
126
121
64
135
114
63
35
64
54
64
64
6
11
124
124
94
94
35
64
54
64
36
41
35
86
42
94
135
114
63
103
43
49
42
103
43
49
134
6
11
49
65
65
96
134
130
117
135
96
58
93
90
48
96
114
134
130
72
36
41
35
86
72
58
93
90
48
117
114
96
135
134
49
36
41
35
86
72
65
96
72
65
96
107
107
53
78
78
46
68
68
70
67
68
107
67
101
71
114
101
70
53
78
78
70
71
69
68
46
67
68
107
67
71
55
101
114
78
70
71
69
68
69
78
69
71
55
101
114
67
71
53
78
46
66
68
66
68
53
78
46
67
71
19
115
10
37
80
15
64
19
115
78
40
45
107
7
103
5
133
132
133
26
44
99
47
43
78
45
107
48
42
41
35
13
93
26
44
99
47
71
114
13
93
48
35
10
37
80
15
55
55
41
7
43
64
103
42
133
132
133
1
54
42
107
7
91
81
41
38
40
33
46
33
127
137
4
120
127
88
84
9
107
84
9
127
127
137
4
120
88
54
42
7
37
69
135
55
40
46
33
127
137
4
120
91
81
41
33
76
75
73
127
137
40
4
120
47
56
92
80
78
45
66
101
98
89
72
76
66
78
45
66
43
43
36
114
44
46
70
101
122
53
122
114
43
43
36
78
114
45
66
70
98
46
98
101
46
44
101
78
114
45
66
46
98
47
56
92
80
50
30
69
126
50
94
131
28
57
58
58
130
109
18
117
57
117
65
96
65
50
30
69
69
15
50
92
130
109
18
117
36
58
58
107
69
15
50
92
57
57
70
134
131
28
107
36
83
73
38
39
45
44
108
54
109
43
30
54
17
87
113
100
121
121
127
108
54
109
43
127
128
140
87
100
112
41
19
48
75
128
140
87
100
112
113
17
87
113
100
132
5
124
131
113
30
54
44
45
44
44
132
5
124
131
107
10
56
54
85
48
75
54
41
19
81
39
117
111
10
37
80
15
133
88
140
125
81
39
117
111
109
18
94
102
50
69
15
92
102
54
54
107
10
67
56
56
56
67
56
56
66
66
118
13
112
97
89
118
115
105
108
95
118
13
112
97
89
118
97
89
118
97
104
105
16
108
97
89
118
97
118
13
115
115
118
13
111
85
111
112
97
89
118
97
122
8
8
110
104
16
16
12
116
91
106
14
14
16
12
14
14
112
97
89
118
68
67
71
54
110
135
122
70
47
116
110
91
97
89
118
97
67
71
68
54
70
135
47
97
89
118
8
8
38
68
85
101
65
18
7
90
7
107
36
36
49
75
75
107
75
36
36
49
59
10
108
18
90
7
107
107
10
75
10
16
101
68
65
59
10
104
16
16
38
85
73
80
55
80
53
80
55
53
80
15
111
87
85
85
87
138
138
138
85
116
17
17
85
17
17
116
106
106
10
104
16
104
10
16
57
58
58
57
11
11
6
11
11
11
6
11
11
11
11
11
57
57
58
58
86
110
110
86
110
116
110
91
116
110
91
106
95
95
111
55
80
5
55
111
80
5
46
46
46
46
119
83
73
9
140
62
120
82
140
62
120
82
119
83
73
9
114
95
114
95
70
114
95
70
70
114
95
70
8
8
13
93
13
93
14
14
14
14
115
115
19
8
8
19
91
35
19
64
91
109
41
42
42
42
41
42
83
38
39
61
102
82
52
39
39
129
61
140
76
38
75
73
129
61
140
39
39
79
86
85
51
52
79
51
110
30
75
31
79
51
86
85
79
51
110
95
74
41
52
129
129
130
80
80
120
38
61
129
83
129
129
130
72
72
120
16
16
39
39
16
39
39
16
38
61
129
83
113
100
116
87
113
56
92
124
129
129
139
139
140
49
34
34
34
129
139
139
140
129
139
139
140
56
124
129
129
139
139
140
92
100
87
116
137
51
62
127
137
127
60
49
119
119
51
62
6
102
129
137
127
60
49
119
137
127
49
34
34
34
4
4
60
49
119
88
140
125
4
4
119
4
4
119
4
4
60
49
119
119
42
49
60
34
34
42
32
32
43
32
32
60
49
60
34
32
43
86
137
4
127
4
43
42
87
43
42
127
137
4
120
86
87
33
74
111
82
52
79
82
52
79
74
32
32
32
82
52
79
32
32
111
111
111
82
52
79
33
96
86
51
81
116
116
110
91
86
51
110
91
110
96
81
110
116
110
91
106
116
110
91
106
95
36
74
100
51
51
85
77
95
74
77
100
85
36
51
51
31
52
79
79
79
52
62
31
31
79
52
62
96
17
40
65
85
40
62
62
31
31
81
62
31
82
37
52
130
77
125
133
130
125
133
77
102
97
61
102
82
52
128
59
121
128
59
121
89
66
51
52
62
62
34
75
88
60
5
133
132
133
83
117
65
96
65
73
38
39
133
132
133
1
75
88
60
34
51
52
62
62
72
76
1
1
132
1
1
132
123
53
122
126
122
53
122
53
119
83
73
9
119
83
73
9
126
122
126
122
1
1
132
82
62
81
37
123
53
122
126
1
1
132
82
62
81
37
84
84
9
38
131
123
123
123
66
66
84
84
9
38
74
78
84
84
9
38
74
74
78
66
78
84
84
9
38
131
123
123
123
74
66
78
131
123
123
123
121
125
128
142
125
121
125
128
121
125
128
142
131
123
123
123
125
121
125
128
79
113
113
47
5
113
47
5
79
142
142
136
79
136
142
136
47
5
79
113
142
136
47
5
140
120
82
140
120
82
37
37
82
81
82
81
125
128
142
128
125
128
142
128
121
125
128
142
121
125
128
142
75
75
63
112
89
91
100
82
52
82
52
111
111
86
63
112
89
63
106
113
100
116
81
113
100
116
81
113
100
116
81
113
100
116
81
136
47
5
124
131
141
142
134
136
131
141
142
134
136
131
131
136
47
5
124
121
125
128
142
11
119
61
88
140
120
140
120
75
88
11
119
61
88
75
88
125
128
142
128
11
119
61
88
65
96
51
11
119
61
88
65
96
51
103
42
109
103
109
109
42
42
139
120
130
139
103
109
102
97
139
120
49
139
139
120
130
139
139
120
49
139
103
42
38
60
83
83
38
60
83
83
119
83
9
43
57
103
4
127
72
137
93
4
127
72
137
127
72
127
72
43
57
103
61
82
52
4
137
4
137
93
58
102
112
97
72
102
97
72
112
58
59
59
61
82
52
62
34
34
61
62
34
34
61
34
83
40
32
40
32
32
31
31
34
83
32
32
31
140
31
140
31
31
140
140
32
79
112
87
113
100
112
87
113
100
112
100
100
87
113
65
96
51
87
113
79
112
65
96
51
17
17
79
112
79
112
42
42
48
48
62
60
61
62
60
61
62
60
61
128
59
121
62
60
61
128
59
121
105
104
105
66
104
105
104
105
105
105
66
104
105
66
66
105
109
18
102
102
106
109
18
102
90
