1 12 11101111
2 12 11110000
3 7 111101111
4 19 1010101
5 17 0100100
6 18 0111010
7 19 1010110
8 14 11111001
9 20 1100000
10 18 0111011
11 18 0111100
12 11 11101100
13 10 10111111
14 14 11111010
15 16 0000101
16 15 0000000
17 17 0100101
18 20 1100001
19 20 1100010
20 12 11110001
21 9 10111110
22 8 01000100
23 11 11101101
24 8 01000101
25 11 11101110
26 14 11111011
27 8 01000110
28 12 11110010
29 12 11110011
30 18 0111101
31 16 0000110
32 16 0000111
33 17 0100110
34 17 0100111
35 19 1010111
36 17 0101000
37 18 0111110
38 18 0111111
39 22 1110010
40 16 0001000
41 20 1100011
42 22 1110011
43 19 1011000
44 16 0001001
45 18 1000000
46 16 0001010
47 17 0101001
48 22 1110100
49 16 0001011
50 12 11110100
51 18 1000001
52 20 1100100
53 17 0101010
54 18 1000010
55 17 0101011
56 14 11111100
57 19 1011001
58 17 0101100
59 14 11111101
60 17 0101101
61 20 1100101
62 21 1101100
63 19 1011010
64 18 1000011
65 19 1011011
66 18 1000100
67 16 0001100
68 16 0001101
69 17 0101110
70 14 11111110
71 17 0101111
72 16 0001110
73 17 0110000
74 17 0110001
75 16 0001111
76 16 0010000
77 18 1000101
78 18 1000110
79 20 1100110
80 18 1000111
81 21 1101101
82 20 1100111
83 17 0110010
84 22 1110101
85 15 0000001
86 16 0010001
87 16 0010010
88 16 0010011
89 16 0010100
90 19 1011100
91 20 1101000
92 19 1011101
93 16 0010101
94 17 0110011
95 13 11111000
96 20 1101001
97 16 0010110
98 16 0010111
99 8 01000111
100 17 0110100
101 18 1001000
102 17 0110101
103 21 1101110
104 15 0000010
105 14 11111111
106 18 1001001
107 18 1001010
108 15 0000011
109 20 1101010
110 16 0011000
111 17 0110110
112 16 0011001
113 18 1001011
114 20 1101011
115 12 11110101
116 18 1001100
117 19 1011110
118 12 11110110
119 17 0110111
120 18 1001101
121 21 1101111
122 16 0011010
123 16 0011011
124 17 0111000
125 18 1001110
126 18 1001111
127 18 1010000
128 21 1110000
129 16 0011100
130 15 0000100
131 18 1010001
132 17 0111001
133 16 0011101
134 16 0011110
135 16 0011111
136 16 0100000
137 18 1010010
138 5 111101110
139 16 0100001
140 21 1110001
141 18 1010011
142 18 1010100
16737
